This file was generated by QKinz.


Protons:
Number_of_entries: 27
Excitation energy (keV):     Energy dE-detector (keV):     dEnergy dE-detector (keV):     Energy E-detector (keV):    dEnergy dE-detector (keV):     Total particle energy (keV):     
0.000000     789.021207     2.624826     14817.474234     67.034371     15606.495441
134.243000     794.481145     2.669719     14679.087471     67.151045     15473.568615
206.244000     797.445581     2.694295     14604.826677     67.214538     15402.272258
303.130000     801.475031     2.727929     14504.857952     67.301010     15306.332983
511.766000     810.313531     2.802632     14289.416254     67.491363     15099.729784
581.990000     813.339249     2.828500     14216.848871     67.556743     15030.188120
589.136000     813.648608     2.831153     14209.462892     67.563434     15023.111500
618.362000     814.916663     2.842045     14179.252485     67.590872     14994.169148
625.513000     815.227624     2.844721     14171.859900     67.597603     14987.087524
647.230000     816.173667     2.852869     14149.407485     67.618090     14965.581153
685.775000     817.859027     2.867422     14109.550730     67.654614     14927.409757
718.730000     819.306346     2.879957     14075.467592     67.686007     14894.773939
767.800000     821.472388     2.898782     14024.706396     67.733037     14846.178784
772.900000     821.698270     2.900749     14019.429838     67.737945     14841.128108
816.564000     823.638054     2.917681     13974.248115     67.780116     14797.886170
826.790000     824.093875     2.921669     13963.665082     67.790033     14787.758957
844.860000     824.900765     2.928736     13944.962702     67.807593     14769.863467
864.640000     825.786105     2.936503     13924.488305     67.826870     14750.274410
879.459000     826.450832     2.942344     13909.147576     67.841350     14735.598408
933.620000     828.890844     2.963845     13853.068794     67.894547     14681.959638
960.180000     830.093490     2.974480     13825.562009     67.920795     14655.655499
969.300000     830.507376     2.978145     13816.115943     67.929832     14646.623319
1000.930000     831.946517     2.990912     13783.351236     67.961272     14615.297753
1003.140000     832.047286     2.991808     13781.061730     67.963474     14613.109016
1190.470000     840.692660     3.069253     13586.884623     68.152901     14427.577283
1220.910000     842.117143     3.082135     13555.311576     68.184203     14397.428719
1230.110000     842.548769     3.086045     13545.767988     68.193692     14388.316757
Ex(e+de) = a0 + a1(e+de) + a2(e+de)^2
chi-squared: 0.003102. a0 = 15.643231MeV. a1 = -0.991015. a2 = -0.000748(MeV)^-1



Deutrons:
Number_of_entries: 50
Excitation energy (keV):     Energy dE-detector (keV):     dEnergy dE-detector (keV):     Energy E-detector (keV):    dEnergy dE-detector (keV):     Total particle energy (keV):     
0.000000     1911.735046     12.349794     8381.526854     89.215920     10293.261899
59.010000     1921.155720     12.515988     8313.817694     89.474927     10234.973414
99.361000     1927.664499     12.631735     8267.448524     89.654638     10195.113023
146.274000     1935.301277     12.768509     8213.466275     89.866294     10148.767552
149.000000     1935.747354     12.776530     8210.327080     89.878684     10146.074434
173.929000     1939.838624     12.850269     8181.607024     89.992458     10121.445649
210.699000     1945.912793     12.960303     8139.204045     90.161838     10085.116838
268.798000     1955.607955     13.137321     8072.102996     90.433341     10027.710950
273.627000     1956.419230     13.152211     8066.520107     90.456124     10022.939337
314.009000     1963.236557     13.277813     8019.799320     90.647973     9983.035877
316.463000     1963.652762     13.285509     8016.958118     90.659709     9980.610880
317.845000     1963.887251     13.289846     8015.357959     90.666322     9979.245209
322.379000     1964.657041     13.304091     8010.107720     90.688037     9974.764761
330.000000     1965.952652     13.328092     8001.281053     90.724605     9967.233705
351.202000     1969.568394     13.395235     7976.713080     90.826795     9946.281474
378.392000     1974.229790     13.482153     7945.181001     90.958834     9919.410790
417.792000     1981.033775     13.609744     7899.437725     91.152165     9880.471499
420.559000     1981.513821     13.618779     7896.222944     91.165833     9877.736765
425.823000     1982.427877     13.635993     7890.106237     91.191866     9872.534114
462.969000     1988.908239     13.758486     7846.911573     91.376810     9835.819813
469.779000     1990.102066     13.781138     7838.986656     91.410952     9829.088723
470.514000     1990.231023     13.783586     7838.131212     91.414642     9828.362235
471.000000     1990.316304     13.785206     7837.565559     91.417082     9827.881863
497.293000     1994.943803     13.873279     7806.948995     91.549649     9801.892798
500.722000     1995.549293     13.884833     7802.954062     91.567020     9798.503355
534.370000     2001.515441     13.999047     7763.727090     91.738490     9765.242531
549.330000     2004.182451     14.050321     7746.271640     91.815322     9750.454091
559.976000     2006.085832     14.086996     7733.844127     91.870225     9739.929959
562.000000     2006.448215     14.093987     7731.480894     91.880684     9737.929108
577.723000     2009.268929     14.148484     7713.116780     91.962169     9722.385709
588.709000     2011.245758     14.186767     7700.279205     92.019350     9711.524962
601.580000     2013.568018     14.231835     7685.232439     92.086604     9698.800457
623.890000     2017.609369     14.310510     7659.134375     92.203847     9676.743744
646.332000     2021.695324     14.390372     7632.860379     92.322650     9654.555703
657.990000     2023.826115     14.432146     7619.203184     92.384712     9643.029299
665.188000     2025.144562     14.458038     7610.767875     92.423149     9635.912438
680.030000     2027.870004     14.511667     7593.367466     92.502695     9621.237470
686.058000     2028.979574     14.533541     7586.297630     92.535114     9615.277204
691.340000     2029.953089     14.552752     7580.101416     92.563573     9610.054505
736.127000     2038.255369     14.717337     7527.513074     92.806907     9565.768442
744.810000     2039.874905     14.749598     7517.307261     92.854506     9557.182167
761.420000     2042.982056     14.811636     7497.774779     92.945945     9540.756835
785.310000     2047.472097     14.901619     7469.659513     93.078360     9517.131609
796.630000     2049.608385     14.944569     7456.328341     93.141477     9505.936726
818.940000     2053.835252     15.029815     7430.037406     93.266582     9483.872658
821.310000     2054.285571     15.038918     7427.243161     93.279928     9481.528733
826.152000     2055.206369     15.057543     7421.533604     93.307227     9476.739973
855.040000     2060.721778     15.169454     7387.446979     93.471040     9448.168757
864.170000     2062.472727     15.205107     7376.665843     93.523151     9439.138570
997.840000     2088.547769     15.743286     7218.364969     94.305261     9306.912738
Ex(e+de) = a0 + a1(e+de) + a2(e+de)^2
chi-squared: 0.000125. a0 = 10.254093MeV. a1 = -0.977303. a2 = -0.001850(MeV)^-1



Tritons:
Number_of_entries: 18
Excitation energy (keV):     Energy dE-detector (keV):     dEnergy dE-detector (keV):     Energy E-detector (keV):    dEnergy dE-detector (keV):     Total particle energy (keV):     
0.000000     2648.648721     19.627609     7528.919371     103.321241     10177.568092
125.358100     2677.964923     20.254470     7376.333764     104.197560     10054.298687
284.100000     2716.331483     21.097418     7181.828625     105.363531     9898.160108
368.200000     2737.249702     21.568007     7078.170087     106.008590     9815.419789
475.600000     2764.589325     22.194993     6945.146482     106.861846     9709.735806
546.900000     2783.141988     22.628290     6856.420087     107.447553     9639.562075
646.119000     2809.516007     23.255329     6732.376670     108.289670     9541.892677
697.000000     2823.300657     23.588304     6668.497519     108.734316     9491.798176
717.432000     2828.886900     23.724279     6642.793521     108.915401     9471.680421
757.400000     2839.900043     23.994115     6592.424434     109.273925     9432.324478
768.930000     2843.098418     24.072920     6577.871969     109.378426     9420.970387
874.815000     2872.927342     24.817533     6443.759499     110.361355     9316.686841
880.282000     2874.490257     24.857032     6436.811576     110.413276     9311.301833
931.060000     2889.116491     25.229047     6372.165578     110.901211     9261.282069
949.500000     2894.477629     25.366483     6348.638302     111.080992     9243.115931
1000.000000     2909.297701     25.749434     6284.064116     111.580598     9193.361817
1230.400000     2979.607803     27.628269     5986.678066     114.004792     8966.285869
1277.000000     2994.396384     28.036820     5925.945500     114.526348     8920.341884
Ex(e+de) = a0 + a1(e+de) + a2(e+de)^2
chi-squared: 0.000031. a0 = 10.170222MeV. a1 = -0.979630. a2 = -0.001939(MeV)^-1



