This file was generated by QKinz.


Protons:
Number_of_entries: 27
Excitation energy (keV):     Energy dE-detector (keV):     dEnergy dE-detector (keV):     Energy E-detector (keV):    dEnergy dE-detector (keV):     Total particle energy (keV):     
0.000000     791.165233     2.547041     14762.880748     64.659579     15554.045981
134.243000     796.649388     2.590291     14624.711867     64.762716     15421.361255
206.244000     799.627023     2.613965     14550.568180     64.818860     15350.195203
303.130000     803.674469     2.646363     14450.757304     64.895342     15254.431773
511.766000     812.552667     2.718309     14235.656575     65.063781     15048.209242
581.990000     815.592046     2.743219     14163.204280     65.121660     14978.796326
589.136000     815.902804     2.745774     14155.830022     65.127584     14971.732825
618.362000     817.176597     2.756262     14125.667566     65.151878     14942.844162
625.513000     817.488966     2.758838     14118.286718     65.157839     14935.775684
647.230000     818.439295     2.766684     14095.869959     65.175980     14914.309253
685.775000     820.132299     2.780697     14056.076524     65.208325     14876.208823
718.730000     821.586192     2.792765     14022.047563     65.236129     14843.633755
767.800000     823.762087     2.810889     13971.367101     65.277789     14795.129188
772.900000     823.988997     2.812784     13966.098938     65.282137     14790.087936
816.564000     825.937624     2.829084     13920.989129     65.319499     14746.926753
826.790000     826.395524     2.832923     13910.422947     65.328285     14736.818471
844.860000     827.206098     2.839727     13891.750352     65.343845     14718.956449
864.640000     828.095483     2.847205     13871.308571     65.360926     14699.404054
879.459000     828.763249     2.852827     13855.992285     65.373758     14684.755535
933.620000     831.214432     2.873524     13800.002901     65.420905     14631.217333
960.180000     832.422592     2.883761     13772.539992     65.444171     14604.962583
969.300000     832.838377     2.887289     13763.108996     65.452181     14595.947373
1000.930000     834.284128     2.899578     13730.396578     65.480053     14564.680706
1003.140000     834.385359     2.900440     13728.110727     65.482005     14562.496086
1190.470000     843.070613     2.974976     13534.243980     65.649993     14377.314593
1220.910000     844.501696     2.987373     13502.721470     65.677762     14347.223166
1230.110000     844.935323     2.991135     13493.193163     65.686181     14338.128485
Ex(e+de) = a0 + a1(e+de) + a2(e+de)^2
chi-squared: 0.003076. a0 = 15.633548MeV. a1 = -0.994918. a2 = -0.000676(MeV)^-1



Deutrons:
Number_of_entries: 50
Excitation energy (keV):     Energy dE-detector (keV):     dEnergy dE-detector (keV):     Energy E-detector (keV):    dEnergy dE-detector (keV):     Total particle energy (keV):     
0.000000     1921.248921     11.771732     8313.151362     84.147032     10234.400283
59.010000     1930.756129     11.929338     8245.539943     84.382513     10176.296072
99.361000     1937.324998     12.039104     8199.237003     84.545952     10136.562001
146.274000     1945.032601     12.168810     8145.331116     84.738494     10090.363717
149.000000     1945.482826     12.176417     8142.196337     84.749767     10087.679163
173.929000     1949.612192     12.246345     8113.516552     84.853293     10063.128744
210.699000     1955.743105     12.350693     8071.172598     85.007445     10026.915703
268.798000     1965.529300     12.518564     8004.163885     85.254613     9969.693184
273.627000     1966.348218     12.532685     7998.588619     85.275358     9964.936837
314.009000     1973.229931     12.651798     7951.931251     85.450073     9925.161182
316.463000     1973.650076     12.659096     7949.093884     85.460762     9922.743959
317.845000     1973.886784     12.663209     7947.495884     85.466785     9921.382668
322.379000     1974.663865     12.676718     7942.252723     85.486564     9916.916589
330.000000     1975.971755     12.699479     7933.437937     85.519873     9909.409692
351.202000     1979.621820     12.763154     7908.902905     85.612965     9888.524725
378.392000     1984.327584     12.845582     7877.412827     85.733266     9861.740411
417.792000     1991.196570     12.966583     7831.729920     85.909451     9822.926490
420.559000     1991.681212     12.975151     7828.519357     85.921908     9820.200569
425.823000     1992.604025     12.991476     7822.410665     85.945637     9815.014690
462.969000     1999.146619     13.107644     7779.272253     86.114229     9778.418872
469.779000     2000.351939     13.129126     7771.357590     86.145357     9771.709529
470.514000     2000.482138     13.131448     7770.503251     86.148721     9770.985389
471.000000     2000.568240     13.132983     7769.938329     86.150945     9770.506569
497.293000     2005.240378     13.216509     7739.361166     86.271824     9744.601543
500.722000     2005.851718     13.227467     7735.371351     86.287665     9741.223069
534.370000     2011.875639     13.335785     7696.194344     86.444051     9708.069983
549.330000     2014.568547     13.384412     7678.760958     86.514137     9693.329504
559.976000     2016.490438     13.419195     7666.349088     86.564222     9682.839527
562.000000     2016.856348     13.425825     7663.988823     86.573764     9680.845171
577.723000     2019.704541     13.477509     7645.647713     86.648107     9665.352254
588.709000     2021.700659     13.513817     7632.826146     86.700282     9654.526805
601.580000     2024.045610     13.556559     7617.798071     86.761652     9641.843681
623.890000     2028.126531     13.631175     7591.732230     86.868651     9619.858761
646.332000     2032.252598     13.706917     7565.490427     86.977091     9597.743025
657.990000     2034.404351     13.746537     7551.849865     87.033745     9586.254216
665.188000     2035.735781     13.771093     7543.424797     87.068836     9579.160578
680.030000     2038.488099     13.821956     7526.045425     87.141461     9564.533525
686.058000     2039.608624     13.842702     7518.984105     87.171062     9558.592730
691.340000     2040.591758     13.860923     7512.795340     87.197049     9553.387098
736.127000     2048.976314     14.017022     7460.269625     87.419277     9509.245939
744.810000     2050.611953     14.047621     7450.075844     87.462755     9500.687796
761.420000     2053.750043     14.106462     7430.566275     87.546287     9484.316318
785.310000     2058.284906     14.191808     7402.483730     87.667268     9460.768635
796.630000     2060.442565     14.232545     7389.167963     87.724942     9449.610529
818.940000     2064.711807     14.313400     7362.907203     87.839273     9427.619010
821.310000     2065.166648     14.322034     7360.116149     87.851470     9425.282796
826.152000     2066.096695     14.339700     7354.413101     87.876421     9420.509796
855.040000     2071.667623     14.445848     7320.365064     88.026161     9392.032687
864.170000     2073.436240     14.479666     7309.596032     88.073801     9383.032272
997.840000     2099.776808     14.990160     7151.467237     88.789195     9251.244044
Ex(e+de) = a0 + a1(e+de) + a2(e+de)^2
chi-squared: 0.000127. a0 = 10.240930MeV. a1 = -0.983115. a2 = -0.001726(MeV)^-1



Tritons:
Number_of_entries: 18
Excitation energy (keV):     Energy dE-detector (keV):     dEnergy dE-detector (keV):     Energy E-detector (keV):    dEnergy dE-detector (keV):     Total particle energy (keV):     
0.000000     2665.573195     18.588030     7440.402979     96.557552     10105.976174
125.358100     2695.264546     19.180682     7287.916529     97.359865     9983.181075
284.100000     2734.131928     19.977855     7093.515416     98.428574     9827.647344
368.200000     2755.328028     20.423009     6989.901389     99.020409     9745.229417
475.600000     2783.036091     21.016245     6856.923055     99.803897     9639.959145
546.900000     2801.842233     21.426312     6768.219086     100.342128     9570.061319
646.119000     2828.581500     22.019879     6644.196051     101.116576     9472.777551
697.000000     2842.559381     22.335149     6580.322196     101.525772     9422.881577
717.432000     2848.224393     22.463909     6554.619299     101.692474     9402.843693
757.400000     2859.393615     22.719451     6504.250619     102.022616     9363.644234
768.930000     2862.637513     22.794088     6489.697833     102.118868     9352.335346
874.815000     2892.895327     23.499458     6355.572887     103.024722     9248.468214
880.282000     2894.480931     23.536884     6348.623838     103.072597     9243.104769
931.060000     2909.320562     23.889399     6283.965028     103.522640     9193.285589
949.500000     2914.760403     24.019648     6260.432025     103.688518     9175.192428
1000.000000     2929.799401     24.382622     6195.839137     104.149647     9125.638538
1230.400000     3001.176206     26.164524     5898.306865     106.390516     8899.483071
1277.000000     3016.195229     26.552241     5837.531448     106.873356     8853.726677
Ex(e+de) = a0 + a1(e+de) + a2(e+de)^2
chi-squared: 0.000030. a0 = 10.152330MeV. a1 = -0.986447. a2 = -0.001803(MeV)^-1



